5
3
011
102
000
4
0114
1111
3321
0110
4
0114
1111
3301
0110
10
0112011101
0112011091
0112011091
0112011891
0112711091
5112011091
0112411091
0112511091
3112511094
4112011090
50
01113443274893279832794873293297983274894487647323
01113443274893279832794873293297983274894487647323
01113443274893279832794873293297983274894487647323
01113443274893279832794873293297983274894487647323
01113443274893279832794873293297983274894487647323
01113443274893279832794873293297983274894487647323
01113443274893279832794873293297983274894487647323
01113443274893279832794873293297983274894487647323
01113443274893279832794873293297983274894487647323
01113443274893279832794873293297983274894487647323
01113443274893279832794873293297983274894487647323
01113443274893279832794873293297983274894487647323
01113443274893279832794873293297983274894487647323
01113443274893279832794873293297983274894487647323
01113443274893279832794873293297983274894487647323
01113443274893279832794873293297983274894487647323
01113443274893279832794873293297983274894487647323
01113443274893279832794873293297983274894487647323
01113443274893279832794873293297983274894487647323
01113443274893279832794873293297983274894487647323
01113443274893279832794873293297983274894487647323
01113443274893279832794873293297983274894487647323
01113443274893279832794873293297983274894487647323
01113443274893279832794873293297983274894487647323
01113443274893279832794873293297983274894487647323
01113443274893279832794873293297983274894487647323
01113443274893279832794873293297983274894487647323
01113443274893279832794873293297983274894487647323
01113443274893279832794873293297983274894487647323
01113443274893279832794873293297983274894487647323
01113443274893279832794873293297983274894487647323
01113443274893279832794873293297983274894487647323
01113443274893279832794873293297983274894487647323
01113443274893279832794873293297983274894487647323
01113443274893279832794873293297983274894487647323
01113443274893279832794873293297983274894487647323
01113443274893279832794873293297983274894487647323
01113443274893279832794873293297983274894487647323
01113443274898279832794873293297983274894487647323
91113443274893279832794873293297983274894487647323
01113443274893279832794873293297983274894487647323
01113443274893279832794873293297983274894487647323
31113443274893279832794873293297983274894487647323
01133443224893279832794873293297983274894487647323
01113443274893479832794873293297983274894487647323
91113443274893279702794873293297983274894487647323
01113443274893279832794873293297983274894487647323
01113443274893079832794873293297983274894487647323
01113443274893279832794873293297983274894487647323
01113443274893279832794873293297983274894487647323
50
0111344327489327983279487329329798327489448764732
0111344327489327983279487329329798327489448764732
0111344327489327983279487329329798327489448764732
0111344327489327983279487329329798327489448764732
0111344327489327983279487329329798327489448764732
0111344327489327983279487329329798327489448764732
0111344327489327983279487329329798327489448764732
0111344327489327983279487329329798327489448764732
0111344327489327983279487329329798327489448764732
0111344327489327983279487329329798327489448764732
0111344327489327983279487329329798327489448764732
0111344327489327983279487329329798327489448764732
0111344327489327983279487329329798327489448764732
0111344327489327983279487329329798327489448764732
0111344327489327983279487329329798327489448764732
0111344327489327983279487329329798327489448764732
0111344327489327983279487329329798327489448764732
0111344327489327983279487329329798327489448764732
0111344327489327983279487329329798327489448764732
0111344327489327983279487329329798327489448764732
0111344327489327983279487329329798327489448764732
0111344327489327983279487329329798327489448764732
0111344327489327983279487329329798327489448764732
0111344327489327983279487329329798327489448764732
0111344327489327983279487329329798327489448764732
0111344327489327983279487329329798327489448764732
0111344327489327983279487329329798327489448764732
0111344327489327983279487329329798327489448764732
0111344327489327983279487329329798327489448764732
0111344327489327983279487329329798327489448764732
0111344327489327983279487329329798327489448764732
0111344327489327983279487329329798327489448764732
0111344327489327983279487329329798327489448764732
0111344327489327983279487329329798327489448764732
0111344327489327983279487329329798327489448764732
0111344327489327983279487329329798327489448764732
0111344327489327983279487329329798327489448764732
0111344327489327983279487329329798327489448764732
0111344327489327983279487329329798327489448764732
0111344327489327983279487329329798327489448764732
0111344327489327983279487329329798327489448764732
0111344327489327983279487329329798327489448764732
0111344327489327983279487329329798327489448764732
0111344327489327983279487329329798327489448764732
0111344327489327983279487329329798327489448764732
0111344327489327983279487329329798327489448764732
0111344327489327983279487329329798327489448764732
0111344327489327983279487329329798327489448764732
0111344327489327983279487329329798327489448764732
0111344327489327983279487329329798327489448764732
